4294967294,0
4294967278,297
4294967279,301
4294967278,296
4294967279,300
4294967294,1420
4294967294,127
4294967294,126
4294967294,13
4294967278,295
4294967279,299
4294967278,294
4294967279,298
4294967278,293
4294967278,292
4294967279,297
4294967278,291
4294967279,296
4294967278,290
4294967279,295
4294967279,292
4294967279,450
4294967279,280
4294967278,52
4294967279,449
4294967278,385
4294967278,384
4294967279,133
4294967278,253
4294967279,255
4294967279,252
4294967278,51
4294967278,50
4294967279,240
4294967279,235
4294967279,234
4294967279,231
4294967279,219
4294967279,448
4294967278,48
4294967278,43
4294967278,42
4294967278,41
4294967278,40
4294967278,38
4294967279,211
4294967279,208
4294967279,207
7,5
7,4
4294967294,7
7,2
4294967279,205
4294967294,989
4294967294,61
4294967294,67
4294967294,93
4294967294,95
4294967294,43
4294967294,416
4294967294,50
4294967294,471
4294967294,27
4294967294,92
4294967294,88
4294967294,1023
4294967294,11
4294967294,81
4294967294,68
4294967279,204
4294967279,203
4294967279,202
4294967279,201
4294967279,200
4294967279,199
4294967279,197
4294967279,196
4294967279,195
4294967279,194
4294967279,193
4294967279,192
4294967279,191
4294967279,190
4294967279,189
4294967279,188
4294967279,187
4294967279,186
4294967279,185
4294967279,183
4294967279,182
4294967279,181
4294967279,180
4294967279,179
4294967279,177
4294967279,176
4294967279,175
4294967279,173
4294967279,172
4294967279,171
4294967279,170
4294967279,169
4294967279,168
3,4
4294967279,167
4294967279,166
4294967278,164
0,5
4294967279,165
4294967279,164
4294967279,163
4294967279,161
4294967279,160
4294967278,158
4294967279,159
4294967279,157
4294967279,19
4294967279,156
4294967279,155
4294967279,154
4294967278,153
4294967279,152
4294967279,151
4294967279,150
4294967279,149
4294967279,148
4294967278,147
4294967279,147
4294967279,146
4294967278,145
4294967279,145
4294967278,144
4294967279,144
4294967279,143
4294967278,142
4294967279,142
4294967278,141
4294967278,140
4294967279,140
4294967278,139
4294967279,16
4294967294,6
4294967278,288
4294967278,286
4294967279,270
4294967279,291
4294967279,265
4294967278,259
4294967279,281
4294967278,289
4294967279,278
4294967278,383
4294967278,256
4294967279,136
4294967279,256
4294967279,254
4294967293,131
4294967293,130
4294967293,129
4294967293,128
4294967293,127
4294967293,126
4294967293,125
4294967293,124
4294967293,123
4294967293,122
4294967293,121
4294967293,120
4294967293,119
4294967293,118
4294967293,117
4294967293,116
4294967293,115
4294967293,114
4294967293,113
4294967293,112
4294967293,111
4294967293,110
4294967293,109
4294967293,108
4294967293,107
4294967293,106
4294967293,105
4294967293,104
4294967293,103
4294967293,102
4294967293,101
4294967293,100
4294967293,99
4294967293,98
4294967293,97
4294967293,96
4294967293,95
4294967293,94
4294967293,93
4294967293,92
4294967293,91
4294967293,90
4294967293,89
4294967293,87
4294967293,86
4294967293,85
4294967293,84
4294967293,83
4294967293,82
4294967293,81
4294967293,80
4294967293,79
4294967293,78
4294967293,77
4294967293,76
4294967293,75
4294967293,74
4294967293,73
4294967293,72
4294967293,71
4294967293,70
4294967293,69
4294967293,68
4294967293,67
4294967293,66
4294967293,65
4294967293,64
4294967293,63
4294967293,62
4294967293,61
4294967293,60
4294967293,59
4294967293,58
4294967293,57
4294967293,56
4294967293,55
4294967293,54
4294967293,53
4294967293,52
4294967293,51
4294967293,50
4294967293,49
4294967293,48
4294967293,47
4294967293,46
4294967293,45
4294967293,44
4294967293,43
4294967293,42
4294967293,41
4294967293,40
4294967293,39
4294967293,38
4294967293,37
4294967293,36
4294967293,35
4294967293,34
4294967293,33
4294967293,32
4294967293,31
4294967293,30
4294967293,29
4294967293,28
4294967293,27
4294967293,26
4294967293,25
4294967293,24
4294967293,23
4294967293,22
4294967293,21
4294967293,20
4294967293,19
4294967293,18
4294967293,17
4294967293,16
4294967293,15
4294967293,14
4294967293,13
4294967293,12
4294967293,11
4294967293,10
4294967293,9
4294967293,8
4294967293,7
4294967293,6
4294967293,5
4294967293,4
4294967293,3
4294967279,38
4294967279,37
4294967279,36
4294967279,35
4294967279,34
4294967279,33
4294967279,32
4294967279,31
4294967279,30
4294967279,29
4294967279,28
4294967279,27
4294967278,248
4294967279,250
4294967279,247
4294967279,244
4294967279,241
4294967279,238
4294967279,237
4294967279,236
4294967279,233
4294967279,232
4294967279,229
4294967279,54
4294967279,53
4294967279,52
4294967279,51
4294967279,50
4294967279,49
4294967279,48
4294967279,47
4294967279,46
4294967279,45
4294967279,44
4294967279,43
4294967279,42
4294967279,41
4294967279,40
4294967279,39
4294967279,227
4294967279,228
4294967279,225
4294967279,223
4294967279,221
4294967279,217
4294967279,277
4294967279,215
4294967279,214
4294967279,213
4294967279,212
4294967278,382
4294967279,210
4294967279,209
4294967294,393
4294967294,390
4294967294,424
4294967294,115
4294967279,447
4294967278,381
4294967279,446
4294967278,380
4294967279,67
4294967279,66
4294967279,65
4294967279,64
4294967279,63
4294967279,62
4294967279,61
4294967279,60
4294967279,59
4294967279,58
4294967279,57
4294967279,56
4294967279,55
4294967278,379
4294967279,445
4294967278,378
4294967279,444
4294967278,377
4294967279,443
4294967279,442
